2768294
2768333
2768374
2768535
2768536
2768556
2768566
2768583
2768604
2768621
2768631
2768626
2781826
2786707
2787820
2791806
2791807
2728893
2728920
2728929
2728994
2729027
2729057
2729084
2729107
2729123
2729161
2729162
2753328
2753503
2755737
2762592
2655461
2655482
2655491
2655553
2655567
2655582
2655597
2655610
2655669
2655705
2655686
2676089
2701238
2709851
2714012
2619345
2619380
2619381
2619410
2619445
2619422
2619454
2619493
2619535
2619558
2619540
2647702
2579246
2579277
2579473
2579311
2579508
2579314
2579398
2579425
2579490
2579470
2579494
