2781222
2781262
2735131
2735132
2764740
2764758
2764802
2764826
2764843
2764886
2764887
2764908
2764953
2764983
2764984
2764985
2765050
2765051
2765079
2671011
2671013
2691923
2691924
2691944
2691945
2692002
2692080
2692081
2692111
2692227
2692259
2692260
2692312
2692349
2692371
2692404
2633486
2633521
2653205
2653293
2653315
2653364
2653365
2653405
2653430
2653436
2653452
2653453
2653469
2653485
2653486
2653481
2653496
2593042
2593043
2617134
2617181
2617211
2617212
2617214
2617247
2617259
2617260
2617307
2617328
2617349
2617377
2617380
2617395
2617410
