2770906
2770890
2770892
2770893
2770894
2770895
2770896
2770925
2770926
2770956
2770957
2770929
2770958
2771004
2770992
2697760
2697747
2697752
2697746
2697855
2697867
2697868
2697866
2697865
2697851
2697854
2697919
2697938
2697931
2697954
2658937
2658931
2658932
2658984
2658980
2658969
2658972
2659066
2659021
2659019
2659085
2659084
2659065
2659124
2659122
2622290
2622292
2622291
2622307
2622308
2622309
2622312
2622313
2622332
2622333
2622334
2622361
2622363
2622364
2622330
2582419
2582538
2582532
2582548
2582549
2582531
2582642
2582660
2582662
2582639
2582638
2582637
2582708
2582703
2582702
