2770456
2792239
2792241
2792263
2792265
2770461
2770487
2770488
2770499
2770528
2770536
2770554
2770565
2770566
2770596
2770597
2770612
2770627
2770639
2755342
2755343
2755333
2755348
2755395
2730639
2730652
2730655
2730691
2730688
2730692
2730697
2730708
2730724
2730734
2730756
2730771
2730772
2730789
2730812
2720763
2720761
2720787
2720919
2658432
2658557
2658555
2658556
2658536
2658535
2658590
2658585
2658645
2658639
2658638
2658637
2658670
2658666
2658743
2658437
2643497
2643547
2643548
2643551
2621803
2621860
2621856
2621877
2621862
2621878
2621896
2621902
2621919
2621937
2621961
2621997
2622018
2622027
2622039
