2787113
2787116
2784290
2784295
2784301
2784302
2784312
2784317
2784343
2784355
2784446
2784447
2784452
2784453
2784455
2784472
2784512
2784576
2784470
2784595
2784598
2784600
2784681
2784682
2784693
2784712
2784716
2784720
2784746
2784768
2784783
2784814
2784856
2784887
2784888
2784897
2785241
2785497
2786303
2786341
2786407
2780540
2781031
2781700
2783478
2786958
2782166
2782169
2782175
2783458
2783459
2777970
2777978
2777982
2778000
2778004
2778007
2778011
2778024
2778028
2778036
2778037
2778042
2778043
2778061
2778127
2778137
2778145
2778161
2778141
2778182
2778189
2778133
2778268
2778305
2778281
2778314
2778317
2778329
2778445
2778458
2778473
2778509
2778524
2779101
2779726
2780750
2782207
2786064
