2784292
2784304
2784316
2784320
2784321
2784337
2784346
2784306
2784350
2784361
2784379
2784380
2784401
2784403
2784424
2784430
2784442
2784427
2784449
2784450
2784483
2784490
2783110
2782950
2782959
2782961
2782964
2782955
2783023
2783024
2783033
2783035
2783037
2783095
2783114
2783117
2783119
2783126
2783129
2783131
2783040
2783172
2783173
2783030
2777974
2777975
2777981
2778002
2778005
2778014
2778044
2778055
2778062
2777998
2778070
2778073
2778094
2778100
2778099
2778108
2778111
2778150
2778171
2783933
2776342
2776373
2776399
2776400
2776404
2776426
2776428
2776424
2776412
2776401
2776441
2776481
2776446
2776523
2776566
2776568
2776595
2776583
2776614
2776525
2776651
2776734
2776795
2776800
2776993
2776995
2779786
2783923
2772273
2772281
2772291
2772290
2772296
2772297
2772298
2772299
2772305
2772330
2772339
2772357
2772359
2772363
2772387
2772384
2772382
2772453
2772454
2772467
2772473
2772480
2772312
