2757679
2722209
2749441
2757569
2757570
2757571
2757572
2757605
2757606
2757608
2757609
2757610
2757640
2757641
2757642
2757643
2757672
2757673
2757674
2757710
2757675
2757711
2757712
2685540
2717007
2722053
2722054
2722055
2722056
2722057
2722058
2722075
2722076
2722088
2722089
2722090
2722091
2722092
2722121
2722138
2722141
2722165
2722182
2722207
2646451
2677225
2685304
2685301
2685302
2685303
2685306
2685307
2685336
2685338
2685341
2685343
2685376
2685377
2685379
2685380
2685426
2685427
2608620
2642046
2646311
2646312
2646313
2646314
2646338
2646339
2646340
2646341
2646342
2646360
2646343
2646361
2646363
2646364
