2724056
2724118
2726056
2726090
2726126
2726136
2726173
2726183
2726193
2726208
2726228
2726251
2726254
2760987
2761562
2779175
2781650
2688684
2689307
2689666
2692378
2692392
2692411
2692412
2692422
2692467
2692472
2692483
2692491
2692498
2692492
2648518
2649309
2649964
2653446
2653468
2653489
2653502
2653519
2653556
2653571
2653584
2653600
2653603
2653604
2683271
2613034
2613280
2617476
2617492
2617520
2617549
2617592
2617632
2617668
2617679
2617685
2617690
2617686
2632929
2574464
2574497
2574463
2577138
2577173
2577187
2577205
2577254
2577265
2577324
2577325
2577357
2577356
2577358
2580322
2593223
2612917
