2765441
2765440
2765446
2765439
2765447
2765448
2765449
2765458
2765450
2765451
2765443
2765444
2765454
2765456
2765457
2729273
2729267
2729268
2729278
2729279
2729280
2729281
2729282
2729283
2729298
2729299
2729300
2729301
2729305
2729309
2656384
2656375
2656376
2656377
2656378
2656379
2656415
2656417
2656465
2656460
2656464
2656462
2656463
2656510
2656508
2619907
2619906
2619904
2619958
2619969
2619970
2617572
2617571
2617567
2617568
2617569
2617586
2617587
2617588
2617589
2617590
2617591
2617624
2617623
2617617
2617618
